1. 25Q: 3, 9, 14, 17, 24, 30, 31, 37, 41, 48, 55, 56, 65, 70, 71, 79, 83, 88, 95, 96, 105, 109, 114, 116, 121, 
2. 25Q: 2, 6, 13, 19, 23, 26, 31, 36, 42, 48, 54, 56, 64, 68, 72, 80, 84, 90, 91, 99, 104, 108, 112, 118, 122, 
3. 25Q: 4, 8, 12, 18, 22, 27, 34, 38, 41, 49, 53, 57, 63, 67, 72, 78, 83, 89, 93, 99, 104, 109, 111, 120, 123, 
4. 25Q: 1, 8, 13, 18, 24, 26, 35, 36, 44, 48, 54, 56, 61, 68, 75, 77, 82, 89, 92, 97, 101, 109, 111, 118, 125, 
5. 25Q: 5, 9, 15, 20, 22, 28, 33, 40, 43, 47, 52, 60, 63, 68, 74, 76, 83, 88, 95, 98, 101, 109, 112, 118, 122, 
6. 25Q: 1, 10, 11, 18, 22, 28, 34, 36, 41, 47, 52, 59, 64, 67, 71, 77, 81, 87, 91, 100, 104, 108, 115, 116, 121, 
7. 25Q: 2, 8, 15, 20, 25, 28, 33, 38, 45, 49, 55, 58, 64, 68, 71, 78, 81, 88, 95, 96, 104, 109, 112, 117, 125, 
8. 25Q: 4, 6, 15, 16, 23, 26, 35, 38, 41, 47, 54, 60, 61, 67, 74, 80, 85, 88, 92, 96, 101, 106, 114, 120, 124, 
9. 25Q: 2, 7, 14, 16, 22, 26, 31, 36, 44, 48, 52, 59, 61, 69, 71, 76, 82, 87, 95, 98, 104, 108, 115, 120, 125, 
10. 25Q: 5, 7, 12, 19, 25, 30, 34, 40, 42, 46, 55, 59, 61, 70, 71, 80, 81, 88, 93, 97, 102, 110, 113, 116, 125, 
11. 25Q: 1, 9, 11, 16, 23, 28, 32, 37, 45, 50, 54, 57, 63, 68, 73, 80, 82, 86, 92, 98, 103, 106, 111, 120, 125, 
12. 25Q: 3, 9, 15, 17, 25, 30, 31, 39, 42, 50, 54, 57, 61, 66, 72, 80, 82, 87, 93, 97, 103, 109, 114, 117, 121, 
13. 25Q: 2, 7, 14, 19, 24, 28, 32, 37, 41, 50, 54, 58, 65, 66, 71, 76, 85, 87, 95, 99, 105, 109, 114, 119, 122, 
14. 25Q: 3, 6, 13, 16, 25, 26, 34, 40, 41, 46, 52, 60, 62, 69, 75, 80, 82, 86, 92, 99, 102, 109, 113, 120, 123, 
15. 25Q: 2, 8, 12, 19, 25, 26, 35, 40, 44, 50, 53, 57, 65, 66, 71, 77, 82, 87, 92, 98, 105, 110, 112, 119, 125, 
16. 25Q: 2, 6, 11, 19, 24, 27, 35, 40, 44, 47, 51, 59, 61, 66, 73, 76, 82, 90, 91, 96, 103, 107, 112, 117, 123, 
17. 25Q: 1, 10, 15, 20, 23, 26, 32, 36, 44, 49, 51, 57, 64, 68, 72, 78, 83, 88, 94, 97, 102, 109, 113, 120, 122, 
18. 25Q: 5, 8, 12, 19, 25, 26, 32, 37, 42, 48, 54, 57, 65, 69, 71, 77, 84, 87, 95, 96, 104, 108, 111, 117, 122, 
19. 25Q: 3, 7, 14, 18, 24, 26, 34, 40, 45, 49, 55, 58, 62, 70, 73, 77, 82, 86, 91, 98, 102, 108, 112, 119, 125, 
20. 25Q: 5, 9, 13, 16, 25, 27, 33, 39, 44, 46, 53, 60, 62, 66, 73, 79, 84, 88, 95, 100, 103, 110, 112, 118, 125, 
21. 25Q: 1, 8, 15, 18, 21, 26, 31, 37, 45, 50, 55, 57, 63, 67, 73, 80, 82, 88, 95, 100, 105, 110, 112, 118, 125, 
22. 25Q: 4, 6, 12, 19, 24, 27, 35, 40, 42, 46, 54, 57, 61, 68, 75, 79, 85, 89, 94, 97, 101, 110, 111, 119, 122, 
23. 25Q: 4, 6, 13, 17, 24, 28, 34, 40, 43, 47, 52, 60, 63, 66, 74, 76, 83, 88, 92, 96, 102, 106, 114, 119, 125, 
24. 25Q: 4, 9, 13, 20, 25, 26, 33, 37, 43, 46, 55, 58, 63, 66, 75, 76, 83, 89, 94, 100, 101, 109, 114, 119, 121, 
25. 25Q: 4, 9, 12, 17, 22, 29, 35, 37, 42, 49, 53, 60, 64, 66, 73, 80, 82, 90, 91, 96, 104, 108, 111, 118, 123, 
26. 25Q: 1, 8, 15, 19, 21, 30, 32, 40, 45, 46, 55, 56, 61, 68, 75, 80, 84, 86, 93, 97, 103, 109, 115, 116, 122, 
27. 25Q: 1, 8, 14, 20, 22, 28, 33, 37, 45, 49, 54, 60, 61, 69, 75, 80, 85, 88, 95, 97, 102, 107, 112, 118, 124, 
28. 25Q: 5, 10, 12, 19, 21, 28, 33, 36, 41, 46, 52, 59, 65, 66, 72, 76, 82, 88, 92, 100, 105, 110, 111, 118, 121, 
29. 25Q: 1, 7, 14, 19, 24, 28, 34, 39, 43, 46, 51, 56, 61, 66, 71, 77, 85, 87, 95, 96, 103, 108, 114, 119, 123, 
30. 25Q: 1, 10, 12, 16, 21, 29, 34, 37, 43, 50, 54, 60, 62, 68, 72, 79, 84, 89, 93, 98, 103, 106, 112, 116, 125, 
31. 25Q: 1, 10, 12, 18, 21, 28, 33, 39, 42, 50, 51, 60, 62, 69, 73, 78, 83, 87, 95, 100, 105, 109, 113, 119, 123, 
32. 25Q: 4, 7, 13, 18, 23, 28, 33, 39, 41, 46, 52, 60, 62, 68, 75, 79, 81, 88, 95, 99, 101, 107, 113, 118, 121, 
33. 25Q: 2, 7, 14, 16, 24, 27, 33, 37, 41, 50, 51, 58, 65, 66, 74, 78, 83, 89, 91, 99, 102, 110, 115, 120, 125, 
34. 25Q: 2, 9, 15, 16, 22, 28, 31, 39, 44, 47, 53, 60, 62, 70, 74, 77, 83, 87, 93, 97, 105, 107, 111, 119, 123, 
35. 25Q: 5, 7, 15, 19, 24, 30, 35, 40, 42, 48, 53, 57, 64, 70, 74, 76, 83, 90, 92, 98, 101, 107, 115, 118, 123, 
36. 25Q: 5, 8, 13, 18, 25, 30, 34, 36, 44, 46, 51, 60, 61, 68, 73, 78, 84, 87, 95, 98, 101, 108, 112, 120, 122, 
37. 25Q: 2, 8, 12, 19, 25, 28, 35, 37, 42, 49, 52, 58, 64, 68, 72, 76, 85, 87, 91, 98, 105, 107, 111, 116, 121, 
38. 25Q: 2, 6, 14, 17, 23, 29, 32, 36, 45, 48, 55, 56, 65, 66, 74, 76, 82, 88, 92, 100, 104, 107, 113, 117, 124, 
39. 25Q: 5, 6, 15, 18, 23, 28, 32, 37, 44, 50, 55, 56, 61, 68, 75, 76, 81, 86, 91, 96, 103, 109, 115, 117, 122, 
40. 25Q: 3, 8, 12, 18, 25, 28, 33, 39, 42, 47, 51, 57, 63, 67, 74, 79, 85, 89, 93, 98, 101, 107, 115, 117, 124, 
41. 25Q: 5, 6, 11, 20, 21, 30, 31, 38, 45, 47, 52, 58, 63, 68, 75, 79, 84, 89, 94, 99, 102, 110, 113, 119, 125, 
42. 25Q: 1, 7, 14, 20, 23, 30, 31, 40, 41, 46, 54, 57, 63, 70, 72, 77, 85, 87, 93, 98, 102, 110, 115, 117, 123, 
43. 25Q: 5, 6, 12, 20, 21, 27, 34, 40, 45, 48, 53, 58, 61, 67, 75, 77, 81, 89, 91, 98, 102, 106, 115, 118, 124, 
44. 25Q: 5, 8, 13, 18, 24, 29, 32, 39, 41, 49, 52, 56, 63, 67, 72, 79, 81, 90, 94, 100, 102, 109, 111, 117, 123, 
45. 25Q: 1, 10, 13, 16, 24, 26, 31, 36, 43, 48, 52, 57, 63, 67, 71, 80, 83, 86, 95, 97, 101, 106, 113, 116, 124, 
46. 25Q: 1, 10, 12, 18, 25, 27, 35, 39, 43, 48, 54, 57, 65, 66, 74, 76, 81, 87, 92, 98, 102, 108, 114, 118, 124, 
47. 25Q: 2, 7, 13, 20, 21, 28, 35, 37, 41, 47, 51, 56, 61, 67, 72, 77, 85, 88, 93, 100, 101, 107, 115, 117, 124, 
48. 25Q: 1, 10, 13, 16, 22, 26, 34, 37, 44, 50, 52, 59, 63, 66, 71, 79, 81, 87, 92, 100, 103, 107, 114, 116, 123, 
49. 25Q: 1, 8, 11, 16, 25, 27, 34, 39, 43, 50, 52, 56, 64, 66, 74, 77, 83, 86, 94, 100, 104, 108, 114, 120, 123, 
50. 25Q: 5, 8, 14, 19, 21, 26, 35, 36, 43, 46, 51, 59, 65, 69, 73, 77, 83, 88, 95, 98, 103, 108, 112, 120, 124, 
51. 25Q: 1, 8, 11, 19, 25, 28, 33, 39, 45, 50, 51, 59, 65, 67, 72, 77, 82, 90, 92, 99, 105, 110, 111, 120, 124, 
52. 25Q: 2, 10, 15, 19, 25, 28, 35, 39, 41, 47, 51, 57, 65, 68, 72, 77, 85, 89, 91, 100, 104, 109, 111, 118, 122, 
53. 25Q: 2, 6, 14, 16, 25, 30, 35, 37, 43, 49, 55, 58, 61, 70, 74, 76, 85, 89, 94, 100, 102, 108, 111, 120, 121, 
54. 25Q: 4, 10, 11, 18, 24, 30, 31, 37, 44, 47, 54, 57, 65, 66, 75, 77, 85, 88, 95, 100, 104, 106, 113, 117, 125, 
55. 25Q: 4, 8, 11, 19, 21, 30, 33, 36, 45, 46, 52, 57, 61, 69, 74, 78, 84, 87, 95, 99, 105, 106, 111, 120, 125, 
56. 25Q: 2, 9, 12, 18, 24, 30, 33, 38, 45, 46, 52, 58, 65, 69, 75, 76, 85, 90, 91, 96, 102, 109, 115, 116, 124, 
57. 25Q: 4, 6, 14, 16, 22, 28, 35, 37, 42, 49, 51, 57, 62, 66, 74, 78, 83, 86, 95, 96, 102, 106, 113, 117, 125, 
58. 25Q: 3, 10, 14, 16, 25, 30, 31, 37, 41, 46, 52, 60, 62, 66, 72, 79, 81, 88, 94, 99, 101, 106, 113, 118, 125, 
59. 25Q: 1, 6, 13, 16, 21, 26, 32, 38, 45, 46, 54, 60, 62, 69, 72, 76, 84, 90, 92, 99, 104, 108, 114, 120, 124, 
60. 25Q: 1, 8, 13, 18, 24, 30, 33, 39, 43, 47, 55, 59, 65, 66, 72, 77, 84, 88, 94, 100, 104, 107, 113, 116, 121, 
61. 25Q: 5, 8, 15, 20, 21, 28, 31, 38, 45, 50, 51, 59, 62, 70, 71, 78, 81, 86, 92, 100, 101, 107, 113, 116, 125, 
62. 25Q: 2, 6, 13, 17, 21, 29, 32, 38, 44, 47, 55, 56, 63, 68, 71, 76, 85, 86, 94, 100, 102, 110, 111, 117, 121, 
63. 25Q: 5, 6, 11, 17, 21, 28, 35, 38, 42, 47, 52, 56, 62, 66, 72, 76, 82, 89, 91, 96, 103, 109, 114, 118, 125, 
64. 25Q: 3, 6, 12, 17, 24, 29, 32, 40, 43, 50, 52, 58, 63, 66, 71, 79, 85, 87, 93, 100, 104, 107, 115, 118, 124, 
65. 25Q: 3, 7, 14, 19, 24, 26, 35, 36, 41, 50, 54, 60, 65, 66, 73, 76, 85, 86, 93, 96, 105, 110, 112, 118, 125, 
66. 25Q: 1, 10, 14, 20, 24, 30, 31, 38, 43, 48, 52, 59, 65, 68, 71, 77, 82, 86, 93, 97, 105, 107, 114, 119, 121, 
67. 25Q: 4, 8, 15, 19, 25, 29, 34, 36, 45, 46, 52, 56, 61, 69, 74, 76, 85, 89, 95, 98, 102, 110, 114, 119, 125, 
68. 25Q: 1, 6, 14, 19, 24, 27, 32, 38, 43, 49, 55, 59, 64, 69, 75, 77, 85, 90, 93, 99, 104, 109, 111, 117, 123, 
69. 25Q: 5, 7, 13, 17, 24, 28, 33, 38, 41, 48, 52, 58, 61, 68, 73, 80, 82, 90, 93, 96, 104, 110, 113, 119, 124, 
70. 25Q: 5, 6, 14, 18, 21, 30, 35, 37, 43, 48, 53, 58, 62, 67, 73, 76, 85, 90, 93, 96, 103, 109, 115, 119, 122, 
71. 25Q: 4, 9, 14, 19, 25, 27, 32, 40, 45, 47, 55, 56, 62, 69, 72, 78, 84, 89, 92, 98, 104, 109, 111, 116, 124, 
72. 25Q: 2, 7, 14, 19, 22, 27, 34, 40, 44, 47, 55, 60, 65, 67, 73, 79, 84, 88, 91, 100, 104, 110, 112, 116, 125, 
73. 25Q: 5, 9, 14, 18, 21, 26, 31, 37, 45, 49, 54, 60, 65, 67, 75, 78, 81, 89, 91, 97, 104, 106, 113, 117, 121, 
74. 25Q: 4, 7, 13, 20, 25, 29, 31, 40, 44, 46, 55, 59, 62, 68, 73, 76, 83, 88, 93, 99, 102, 109, 113, 117, 122, 
75. 25Q: 3, 7, 13, 18, 23, 27, 31, 39, 43, 49, 54, 56, 65, 66, 72, 79, 85, 88, 91, 99, 102, 109, 113, 119, 123, 
76. 25Q: 4, 10, 13, 19, 25, 26, 32, 39, 42, 50, 53, 60, 65, 70, 71, 76, 81, 90, 94, 98, 101, 108, 114, 118, 124, 
77. 25Q: 2, 6, 13, 16, 25, 28, 34, 37, 43, 46, 51, 57, 63, 67, 71, 79, 83, 88, 94, 97, 105, 109, 111, 116, 122, 
78. 25Q: 5, 6, 13, 18, 24, 29, 32, 39, 44, 49, 52, 60, 63, 67, 73, 79, 82, 89, 91, 96, 103, 109, 114, 118, 125, 
79. 25Q: 4, 7, 15, 20, 23, 29, 31, 39, 44, 46, 53, 56, 65, 66, 71, 80, 85, 88, 92, 97, 103, 108, 113, 118, 123, 
80. 25Q: 2, 6, 12, 20, 22, 29, 33, 36, 42, 50, 55, 58, 63, 66, 71, 76, 83, 88, 95, 100, 104, 110, 111, 120, 123, 
81. 25Q: 2, 6, 11, 18, 24, 28, 33, 39, 44, 48, 54, 59, 65, 69, 71, 77, 81, 86, 93, 99, 104, 108, 113, 119, 121, 
82. 25Q: 5, 8, 15, 17, 24, 29, 33, 40, 42, 49, 52, 60, 61, 67, 73, 80, 82, 86, 93, 97, 102, 106, 114, 118, 121, 
83. 25Q: 3, 9, 15, 16, 24, 28, 31, 40, 42, 46, 52, 58, 65, 66, 73, 80, 85, 89, 91, 96, 105, 109, 112, 117, 123, 
84. 25Q: 5, 9, 11, 17, 21, 26, 32, 40, 42, 49, 51, 59, 62, 67, 74, 76, 84, 89, 91, 98, 103, 108, 115, 118, 121, 
85. 25Q: 1, 9, 14, 20, 21, 30, 33, 40, 43, 48, 54, 56, 64, 70, 74, 80, 81, 87, 92, 98, 104, 109, 113, 120, 124, 
86. 25Q: 4, 7, 15, 18, 25, 30, 32, 40, 44, 49, 52, 60, 64, 68, 73, 76, 83, 86, 92, 100, 101, 106, 114, 116, 121, 
87. 25Q: 2, 6, 12, 17, 22, 28, 31, 37, 42, 49, 54, 58, 61, 69, 72, 78, 84, 87, 94, 97, 101, 108, 115, 117, 125, 
88. 25Q: 5, 8, 11, 20, 24, 27, 32, 37, 43, 47, 53, 58, 64, 68, 73, 80, 84, 87, 95, 96, 101, 109, 115, 120, 124, 
89. 25Q: 5, 7, 14, 16, 25, 28, 32, 37, 41, 48, 55, 58, 61, 68, 72, 78, 83, 90, 94, 98, 103, 106, 115, 118, 124, 
90. 25Q: 4, 7, 14, 16, 24, 27, 31, 39, 43, 46, 55, 59, 61, 66, 75, 80, 85, 88, 93, 100, 102, 108, 114, 119, 123, 
91. 25Q: 2, 10, 13, 16, 25, 30, 34, 37, 45, 46, 54, 58, 64, 70, 73, 79, 84, 90, 94, 98, 104, 108, 113, 119, 123, 
92. 25Q: 3, 7, 14, 17, 21, 26, 33, 39, 44, 50, 54, 60, 62, 67, 74, 80, 83, 90, 93, 98, 101, 107, 111, 119, 125, 
93. 25Q: 1, 7, 15, 20, 22, 27, 31, 38, 42, 50, 51, 56, 61, 68, 73, 80, 83, 89, 95, 98, 102, 106, 112, 120, 123, 
94. 25Q: 3, 8, 13, 19, 25, 27, 35, 38, 45, 48, 51, 59, 63, 67, 72, 78, 82, 87, 95, 98, 102, 107, 111, 120, 124, 
95. 25Q: 3, 8, 11, 19, 24, 26, 31, 36, 43, 46, 53, 59, 63, 70, 73, 79, 84, 88, 91, 96, 105, 109, 114, 120, 121, 
96. 25Q: 2, 6, 13, 18, 22, 26, 35, 38, 44, 50, 54, 59, 62, 69, 72, 76, 85, 88, 95, 100, 105, 107, 112, 116, 123, 
97. 25Q: 4, 6, 14, 18, 21, 28, 32, 39, 43, 47, 52, 60, 65, 66, 74, 78, 83, 87, 94, 99, 104, 107, 115, 117, 125, 
98. 25Q: 4, 6, 12, 20, 22, 26, 33, 40, 45, 50, 52, 56, 65, 70, 74, 80, 82, 89, 95, 98, 102, 106, 112, 116, 121, 
99. 25Q: 1, 6, 11, 19, 25, 27, 35, 37, 41, 48, 51, 60, 64, 69, 71, 80, 81, 86, 92, 99, 102, 110, 114, 118, 125, 
100. 25Q: 4, 7, 15, 17, 24, 29, 34, 36, 45, 46, 51, 60, 65, 66, 71, 77, 81, 87, 92, 96, 104, 108, 115, 118, 125, 
101. 25Q: 1, 6, 13, 17, 22, 28, 34, 40, 43, 46, 55, 57, 64, 67, 72, 80, 85, 89, 93, 97, 105, 107, 111, 117, 125, 
102. 25Q: 1, 9, 15, 16, 25, 26, 31, 38, 43, 47, 52, 58, 64, 69, 71, 80, 81, 90, 94, 100, 103, 106, 111, 116, 124, 
103. 25Q: 2, 9, 14, 17, 24, 29, 31, 40, 44, 50, 51, 57, 63, 66, 73, 78, 84, 87, 91, 98, 105, 108, 112, 118, 123, 
104. 25Q: 1, 6, 13, 20, 21, 28, 31, 39, 43, 47, 52, 56, 63, 67, 74, 77, 85, 89, 91, 100, 103, 106, 113, 120, 122, 
105. 25Q: 2, 6, 11, 17, 24, 26, 33, 37, 42, 50, 52, 56, 64, 67, 71, 78, 85, 87, 91, 98, 103, 110, 115, 117, 121, 
106. 25Q: 4, 8, 12, 16, 24, 27, 31, 38, 41, 48, 51, 59, 64, 67, 72, 77, 81, 87, 92, 97, 101, 108, 115, 117, 125, 
107. 25Q: 5, 7, 13, 20, 25, 29, 32, 40, 41, 46, 54, 60, 63, 67, 72, 77, 82, 89, 94, 100, 102, 107, 112, 120, 122, 
108. 25Q: 4, 8, 15, 17, 22, 29, 35, 38, 45, 48, 53, 57, 61, 67, 72, 80, 83, 87, 94, 98, 101, 107, 115, 119, 121, 
109. 25Q: 4, 7, 15, 19, 25, 26, 31, 39, 41, 48, 53, 58, 65, 68, 71, 78, 84, 86, 95, 97, 101, 110, 111, 119, 124, 
110. 25Q: 1, 9, 12, 16, 21, 28, 32, 40, 41, 49, 52, 59, 63, 70, 75, 78, 83, 90, 92, 96, 102, 107, 113, 117, 124, 
111. 25Q: 1, 9, 13, 18, 24, 29, 32, 36, 44, 46, 51, 57, 61, 68, 71, 78, 82, 90, 94, 99, 104, 109, 114, 119, 121, 
112. 25Q: 1, 9, 11, 19, 22, 26, 33, 40, 41, 47, 53, 59, 65, 69, 75, 78, 82, 89, 93, 98, 103, 109, 113, 118, 122, 
113. 25Q: 3, 6, 14, 17, 21, 27, 35, 38, 43, 46, 53, 60, 61, 68, 71, 79, 83, 86, 94, 100, 105, 106, 112, 117, 121, 
114. 25Q: 4, 10, 14, 20, 22, 29, 34, 39, 44, 46, 55, 56, 63, 67, 71, 76, 84, 90, 95, 97, 103, 108, 113, 119, 125, 
115. 25Q: 3, 6, 14, 18, 24, 27, 31, 39, 45, 48, 52, 58, 64, 69, 72, 78, 83, 90, 94, 96, 104, 108, 114, 120, 122, 
116. 25Q: 3, 8, 15, 16, 25, 27, 32, 39, 42, 46, 54, 56, 63, 66, 71, 77, 85, 86, 94, 97, 102, 110, 112, 120, 123, 
117. 25Q: 3, 7, 13, 20, 21, 28, 31, 38, 45, 48, 55, 57, 65, 68, 72, 76, 84, 89, 95, 99, 102, 110, 113, 119, 121, 
118. 25Q: 5, 6, 14, 16, 21, 29, 32, 37, 42, 49, 55, 57, 61, 66, 71, 79, 84, 88, 95, 100, 101, 110, 115, 117, 124, 
119. 25Q: 5, 10, 14, 19, 22, 28, 31, 39, 45, 46, 51, 56, 62, 68, 74, 80, 84, 86, 95, 97, 102, 109, 115, 119, 124, 
120. 25Q: 2, 7, 11, 17, 23, 29, 35, 36, 42, 48, 51, 60, 65, 70, 73, 78, 83, 86, 94, 100, 105, 109, 111, 119, 125, 
121. 25Q: 1, 9, 13, 17, 21, 26, 33, 39, 41, 47, 51, 59, 61, 69, 75, 78, 85, 88, 95, 100, 104, 110, 112, 116, 125, 
122. 25Q: 1, 7, 15, 17, 24, 30, 33, 36, 43, 46, 51, 60, 65, 70, 72, 78, 84, 90, 91, 97, 103, 106, 112, 116, 124, 
123. 25Q: 2, 9, 14, 16, 22, 27, 32, 39, 44, 47, 53, 60, 62, 69, 72, 76, 81, 89, 92, 99, 104, 107, 114, 119, 125, 
124. 25Q: 2, 10, 11, 18, 23, 26, 31, 40, 45, 49, 53, 60, 64, 67, 74, 80, 82, 90, 94, 98, 105, 110, 115, 120, 121, 
125. 25Q: 4, 6, 15, 20, 22, 30, 34, 36, 45, 46, 53, 57, 64, 66, 71, 79, 81, 89, 94, 98, 105, 108, 111, 119, 125, 
126. 25Q: 2, 9, 12, 16, 24, 29, 32, 39, 43, 49, 54, 60, 61, 67, 71, 78, 85, 87, 91, 100, 101, 110, 114, 120, 121, 
127. 25Q: 5, 10, 14, 20, 24, 29, 35, 39, 45, 48, 53, 58, 61, 70, 74, 77, 85, 86, 95, 98, 105, 107, 111, 120, 125, 
128. 25Q: 1, 9, 15, 18, 21, 29, 35, 40, 42, 50, 54, 60, 64, 69, 73, 79, 83, 89, 94, 98, 104, 106, 115, 120, 121, 
129. 25Q: 4, 10, 14, 16, 22, 29, 32, 38, 42, 47, 51, 60, 65, 67, 75, 79, 82, 86, 93, 99, 101, 109, 114, 118, 122, 
130. 25Q: 2, 10, 11, 16, 23, 29, 35, 39, 42, 49, 55, 59, 62, 69, 71, 77, 82, 89, 92, 99, 104, 108, 114, 119, 121, 
131. 25Q: 5, 9, 14, 19, 21, 30, 33, 39, 45, 48, 55, 59, 64, 66, 72, 79, 81, 88, 95, 96, 103, 108, 111, 118, 125, 
132. 25Q: 2, 7, 13, 18, 25, 29, 31, 38, 42, 50, 55, 56, 62, 66, 73, 78, 85, 90, 93, 98, 104, 106, 115, 120, 122, 
133. 25Q: 1, 10, 12, 16, 22, 30, 31, 38, 42, 46, 52, 57, 62, 68, 74, 76, 83, 89, 94, 98, 105, 106, 115, 116, 121, 
134. 25Q: 1, 10, 15, 20, 25, 26, 34, 37, 43, 50, 52, 60, 63, 67, 71, 80, 83, 89, 92, 98, 101, 109, 111, 116, 122, 
135. 25Q: 4, 8, 14, 16, 23, 29, 35, 39, 42, 48, 53, 57, 64, 67, 73, 76, 83, 90, 91, 97, 104, 106, 111, 120, 125, 
136. 25Q: 1, 6, 12, 17, 24, 27, 34, 37, 42, 49, 53, 59, 62, 68, 71, 80, 83, 86, 94, 100, 103, 110, 111, 118, 122, 
137. 25Q: 2, 10, 12, 20, 21, 29, 31, 39, 45, 46, 51, 57, 64, 67, 73, 78, 83, 88, 91, 97, 102, 110, 113, 116, 124, 
138. 25Q: 1, 7, 12, 19, 23, 26, 33, 38, 42, 50, 55, 57, 63, 69, 71, 80, 84, 86, 93, 99, 105, 110, 115, 118, 122, 
139. 25Q: 2, 7, 15, 18, 23, 26, 34, 37, 41, 50, 52, 56, 61, 69, 74, 76, 83, 88, 92, 98, 105, 107, 112, 116, 124, 
140. 25Q: 2, 8, 14, 17, 25, 29, 33, 36, 42, 48, 51, 57, 62, 69, 71, 80, 83, 90, 93, 97, 102, 110, 113, 116, 122, 
141. 25Q: 2, 8, 11, 20, 24, 27, 32, 39, 42, 50, 54, 59, 62, 70, 72, 80, 82, 89, 94, 97, 102, 109, 114, 119, 122, 
142. 25Q: 1, 6, 14, 18, 22, 28, 33, 36, 41, 48, 53, 57, 62, 70, 75, 77, 83, 88, 91, 98, 102, 110, 112, 118, 124, 
143. 25Q: 1, 6, 12, 18, 23, 28, 34, 36, 44, 46, 55, 60, 64, 66, 71, 80, 84, 87, 93, 96, 101, 106, 111, 117, 125, 
144. 25Q: 1, 8, 14, 20, 25, 26, 31, 37, 44, 48, 54, 59, 65, 66, 75, 79, 85, 89, 92, 99, 101, 109, 115, 119, 121, 
145. 25Q: 5, 7, 12, 17, 23, 27, 32, 37, 42, 48, 52, 57, 65, 68, 74, 78, 84, 90, 91, 100, 101, 109, 115, 120, 121, 
146. 25Q: 3, 7, 15, 18, 25, 26, 31, 38, 42, 47, 51, 57, 61, 67, 72, 78, 84, 87, 91, 99, 104, 106, 113, 116, 121, 
147. 25Q: 5, 9, 13, 19, 23, 28, 31, 36, 44, 48, 53, 60, 64, 66, 75, 80, 81, 86, 94, 100, 104, 109, 115, 120, 124, 
148. 25Q: 1, 7, 13, 16, 25, 30, 34, 36, 41, 46, 55, 60, 63, 68, 73, 77, 84, 86, 94, 96, 103, 110, 114, 117, 125, 
149. 25Q: 1, 8, 15, 17, 24, 26, 33, 38, 44, 49, 52, 60, 61, 70, 71, 78, 84, 86, 95, 98, 103, 110, 113, 120, 125, 
150. 25Q: 2, 8, 11, 18, 21, 26, 33, 36, 44, 49, 55, 57, 61, 67, 73, 76, 83, 89, 94, 100, 103, 110, 113, 119, 125, 
151. 25Q: 5, 6, 13, 18, 23, 29, 31, 39, 41, 46, 52, 60, 63, 68, 73, 80, 81, 89, 95, 98, 102, 110, 111, 120, 125, 
152. 25Q: 5, 7, 14, 18, 23, 29, 33, 38, 43, 49, 52, 57, 62, 66, 75, 80, 84, 86, 93, 100, 105, 108, 112, 117, 124, 
153. 25Q: 3, 10, 13, 19, 23, 27, 31, 36, 43, 49, 52, 60, 65, 70, 74, 79, 83, 89, 92, 96, 105, 110, 111, 120, 125, 
154. 25Q: 1, 7, 13, 16, 24, 26, 31, 39, 41, 49, 53, 60, 65, 67, 71, 76, 81, 87, 92, 96, 104, 110, 113, 120, 122, 
155. 25Q: 1, 6, 11, 19, 21, 27, 34, 38, 42, 50, 53, 60, 62, 70, 75, 78, 83, 88, 92, 97, 101, 109, 113, 117, 121, 
156. 25Q: 4, 7, 14, 19, 23, 29, 31, 39, 43, 46, 52, 57, 62, 68, 74, 77, 85, 86, 92, 97, 105, 107, 112, 118, 124, 
157. 25Q: 5, 7, 11, 17, 25, 29, 33, 37, 45, 46, 55, 56, 62, 70, 71, 76, 83, 88, 95, 99, 105, 109, 111, 118, 121, 
158. 25Q: 2, 6, 14, 20, 21, 28, 31, 37, 45, 49, 55, 58, 64, 69, 71, 77, 83, 86, 93, 98, 104, 108, 113, 119, 121, 
159. 25Q: 3, 8, 13, 18, 22, 26, 31, 40, 42, 47, 53, 60, 63, 68, 75, 80, 85, 87, 95, 100, 105, 106, 111, 117, 123, 
160. 25Q: 4, 9, 11, 19, 22, 29, 32, 39, 41, 50, 54, 57, 61, 67, 72, 77, 84, 89, 93, 100, 104, 106, 115, 117, 122, 
161. 25Q: 3, 6, 11, 20, 25, 26, 34, 38, 44, 50, 52, 59, 62, 68, 74, 78, 82, 86, 95, 97, 101, 108, 113, 117, 125, 
162. 25Q: 3, 6, 15, 17, 25, 29, 33, 38, 43, 47, 54, 58, 62, 67, 75, 77, 81, 86, 91, 96, 101, 108, 112, 118, 123, 
163. 25Q: 1, 7, 11, 18, 23, 29, 33, 38, 43, 46, 52, 59, 63, 68, 71, 76, 84, 87, 91, 99, 104, 107, 111, 120, 122, 
164. 25Q: 1, 6, 12, 16, 22, 30, 33, 39, 45, 48, 51, 60, 61, 70, 74, 79, 83, 88, 92, 96, 104, 110, 114, 120, 121, 
165. 25Q: 2, 8, 13, 20, 22, 26, 34, 40, 44, 49, 53, 56, 64, 69, 72, 80, 83, 86, 91, 99, 105, 108, 111, 120, 122, 
166. 25Q: 4, 6, 11, 18, 24, 26, 31, 40, 44, 49, 51, 58, 64, 70, 71, 80, 83, 87, 95, 99, 104, 106, 111, 118, 125, 
167. 25Q: 1, 9, 11, 19, 25, 27, 35, 39, 44, 49, 53, 58, 63, 67, 75, 79, 82, 86, 91, 100, 104, 109, 114, 116, 124, 
168. 25Q: 2, 9, 12, 18, 24, 26, 34, 40, 41, 47, 53, 59, 61, 67, 75, 79, 81, 86, 94, 99, 103, 110, 112, 118, 121, 
169. 25Q: 4, 8, 12, 20, 21, 28, 31, 39, 42, 50, 52, 57, 63, 69, 72, 78, 81, 89, 93, 100, 102, 106, 113, 116, 123, 
170. 25Q: 2, 9, 15, 20, 25, 26, 31, 37, 41, 50, 55, 57, 63, 70, 72, 79, 84, 90, 92, 99, 104, 106, 111, 120, 124, 
171. 25Q: 2, 6, 14, 17, 23, 26, 33, 40, 42, 50, 51, 56, 65, 68, 74, 79, 84, 89, 91, 96, 104, 106, 115, 117, 124, 
172. 25Q: 4, 10, 14, 17, 24, 26, 32, 36, 45, 48, 54, 60, 63, 67, 75, 77, 82, 90, 93, 98, 103, 109, 111, 116, 125, 
173. 25Q: 5, 9, 11, 20, 21, 29, 33, 39, 41, 50, 51, 57, 63, 66, 73, 79, 82, 89, 92, 98, 104, 110, 115, 116, 121, 
174. 25Q: 1, 8, 13, 19, 21, 28, 31, 38, 42, 47, 51, 58, 64, 68, 74, 80, 85, 90, 93, 100, 101, 110, 115, 119, 123, 
175. 25Q: 5, 7, 13, 19, 25, 30, 31, 38, 45, 48, 54, 59, 61, 66, 71, 78, 84, 90, 91, 96, 104, 109, 113, 119, 123, 
176. 25Q: 3, 8, 15, 18, 24, 30, 32, 36, 43, 48, 51, 59, 61, 69, 75, 76, 81, 86, 93, 96, 103, 106, 112, 116, 123, 
177. 25Q: 4, 6, 13, 19, 24, 28, 31, 38, 45, 46, 54, 56, 61, 66, 71, 77, 82, 88, 94, 96, 103, 108, 115, 119, 124, 
178. 25Q: 1, 6, 15, 20, 21, 28, 32, 36, 44, 50, 53, 59, 62, 69, 74, 78, 81, 86, 95, 98, 105, 106, 111, 118, 123, 
179. 25Q: 2, 8, 12, 20, 22, 27, 34, 37, 45, 50, 53, 56, 64, 67, 71, 76, 84, 89, 92, 100, 101, 108, 112, 117, 124, 
180. 25Q: 4, 8, 12, 17, 25, 26, 33, 38, 41, 50, 53, 56, 63, 70, 71, 76, 83, 88, 93, 99, 104, 106, 114, 117, 122, 
181. 25Q: 4, 10, 11, 18, 23, 26, 31, 39, 44, 49, 53, 58, 61, 67, 74, 77, 85, 90, 93, 96, 103, 106, 115, 117, 125, 
182. 25Q: 1, 7, 12, 18, 25, 29, 34, 38, 42, 49, 52, 60, 65, 70, 73, 79, 81, 86, 91, 97, 101, 106, 111, 119, 124, 
183. 25Q: 5, 9, 12, 16, 23, 27, 34, 37, 45, 46, 53, 60, 61, 68, 74, 77, 85, 90, 91, 100, 101, 109, 115, 117, 122, 
184. 25Q: 4, 10, 11, 19, 25, 29, 31, 38, 42, 50, 52, 57, 62, 67, 72, 79, 85, 90, 94, 97, 104, 108, 114, 119, 124, 
185. 25Q: 1, 10, 15, 20, 22, 29, 35, 37, 42, 49, 55, 58, 61, 70, 73, 79, 82, 88, 94, 97, 103, 109, 113, 117, 123, 
186. 25Q: 5, 8, 12, 20, 22, 29, 31, 36, 43, 50, 52, 56, 63, 69, 74, 78, 83, 86, 94, 98, 103, 106, 115, 116, 124, 
187. 25Q: 1, 8, 15, 20, 23, 27, 33, 39, 43, 47, 53, 57, 61, 69, 73, 78, 85, 90, 91, 99, 101, 107, 113, 116, 125, 
188. 25Q: 4, 8, 15, 18, 22, 30, 34, 38, 42, 49, 54, 60, 63, 67, 71, 77, 84, 90, 91, 96, 104, 107, 112, 120, 123, 
189. 25Q: 1, 7, 13, 20, 21, 30, 34, 37, 42, 47, 55, 56, 64, 70, 74, 79, 81, 89, 92, 98, 105, 109, 111, 117, 124, 
190. 25Q: 2, 9, 12, 16, 24, 30, 35, 37, 45, 47, 52, 60, 61, 67, 73, 79, 83, 90, 93, 100, 102, 109, 113, 120, 124, 
191. 25Q: 3, 8, 14, 20, 21, 26, 32, 37, 43, 48, 55, 59, 63, 69, 73, 79, 81, 87, 94, 98, 104, 110, 115, 119, 123, 
192. 25Q: 2, 6, 14, 17, 23, 28, 32, 36, 43, 48, 52, 56, 62, 66, 71, 77, 83, 88, 91, 100, 105, 107, 111, 119, 125, 
193. 25Q: 3, 8, 11, 20, 22, 26, 31, 36, 44, 46, 54, 56, 64, 70, 71, 79, 83, 88, 94, 99, 103, 108, 111, 120, 123, 
194. 25Q: 2, 9, 11, 16, 24, 28, 34, 39, 43, 46, 51, 60, 65, 67, 74, 79, 83, 86, 94, 100, 101, 108, 112, 116, 125, 
195. 25Q: 1, 7, 11, 16, 23, 30, 35, 36, 44, 47, 54, 59, 64, 68, 72, 79, 83, 86, 91, 99, 105, 110, 115, 119, 123, 
196. 25Q: 3, 9, 13, 18, 23, 30, 33, 37, 41, 46, 54, 57, 64, 70, 73, 79, 84, 86, 92, 97, 104, 106, 115, 119, 124, 
197. 25Q: 3, 7, 13, 18, 21, 28, 31, 36, 44, 47, 52, 60, 61, 67, 75, 77, 83, 86, 94, 96, 105, 108, 114, 118, 124, 
198. 25Q: 3, 7, 13, 20, 25, 29, 31, 37, 45, 47, 52, 59, 62, 69, 75, 80, 82, 88, 92, 99, 103, 109, 114, 119, 124, 
199. 25Q: 1, 8, 13, 17, 25, 27, 33, 36, 42, 49, 52, 59, 64, 70, 74, 79, 81, 88, 94, 100, 105, 110, 114, 120, 125, 
200. 25Q: 1, 8, 14, 18, 25, 26, 33, 37, 45, 49, 52, 58, 63, 66, 74, 79, 82, 90, 93, 99, 102, 109, 112, 119, 125, 

